1.266228580474853516e+01
9.735099792480468750e+00
8.835169792175292969e+00
6.851264476776123047e+00
4.603559017181396484e+00
5.015119552612304688e+00
6.785845756530761719e+00
1.223614978790283203e+01
1.284954071044921875e+01
8.379926681518554688e+00
6.006357669830322266e+00
6.669194698333740234e+00
6.945206165313720703e+00
8.030184745788574219e+00
1.034484481811523438e+01
1.111920166015625000e+01
2.256958580017089844e+01
1.956295204162597656e+01
7.100767612457275391e+00
4.502404689788818359e+00
4.155457496643066406e+00
5.605822086334228516e+00
7.488724231719970703e+00
1.105181407928466797e+01
1.187076377868652344e+01
8.262550354003906250e+00
5.275938034057617188e+00
5.283036231994628906e+00
6.761272907257080078e+00
9.846356391906738281e+00
7.875904083251953125e+00
5.649356365203857422e+00
8.263792991638183594e+00
5.991497993469238281e+00
3.509803056716918945e+00
5.257836341857910156e+00
6.335638046264648438e+00
7.432003974914550781e+00
8.553625106811523438e+00
9.691273689270019531e+00
7.740284919738769531e+00
4.102625370025634766e+00
5.126355171203613281e+00
9.951960563659667969e+00
1.316022491455078125e+01
7.585788249969482422e+00
4.663737297058105469e+00
7.159318447113037109e+00
7.126321315765380859e+00
7.752211570739746094e+00
1.154993629455566406e+01
1.067666625976562500e+01
6.473529815673828125e+00
3.314577341079711914e+00
7.827816009521484375e+00
8.593820571899414062e+00
6.046242237091064453e+00
7.173088073730468750e+00
8.262538909912109375e+00
8.971182823181152344e+00
9.267586708068847656e+00
7.220652580261230469e+00
6.022478580474853516e+00
7.805623531341552734e+00
1.007577323913574219e+01
1.080877494812011719e+01
1.034742355346679688e+01
9.900454521179199219e+00
7.124612808227539062e+00
6.736046791076660156e+00
6.716530323028564453e+00
5.972158432006835938e+00
7.098007678985595703e+00
7.483372688293457031e+00
8.259380340576171875e+00
7.490076541900634766e+00
5.995180130004882812e+00
6.749812602996826172e+00
7.509969711303710938e+00
9.453509330749511719e+00
7.877851009368896484e+00
7.887831211090087891e+00
1.145037555694580078e+01
1.144213867187500000e+01
1.391802215576171875e+01
2.328272438049316406e+01
2.952305030822753906e+01
1.765711593627929688e+01
6.702038764953613281e+00
6.316553115844726562e+00
7.040505409240722656e+00
8.142363548278808594e+00
6.991656303405761719e+00
3.757852315902709961e+00
8.790481567382812500e+00
1.035330581665039062e+01
7.626387596130371094e+00
8.355889320373535156e+00
8.696885108947753906e+00
8.667033195495605469e+00
7.496544837951660156e+00
7.598665237426757812e+00
7.372913360595703125e+00
6.242206573486328125e+00
6.570380210876464844e+00
5.857988357543945312e+00
6.423223018646240234e+00
8.967876434326171875e+00
1.180276489257812500e+01
8.431425094604492188e+00
6.075253963470458984e+00
1.058893585205078125e+01
1.290820503234863281e+01
1.074280643463134766e+01
1.026134872436523438e+01
8.164390563964843750e+00
7.336819648742675781e+00
1.040612792968750000e+01
7.958719730377197266e+00
6.410144329071044922e+00
8.681513786315917969e+00
7.104620933532714844e+00
6.349335670471191406e+00
6.715555667877197266e+00
6.720857620239257812e+00
6.719116687774658203e+00
4.160291671752929688e+00
5.618114471435546875e+00
1.105418491363525391e+01
9.827727317810058594e+00
6.754820823669433594e+00
5.642176151275634766e+00
7.509708881378173828e+00
1.024404144287109375e+01
9.053677558898925781e+00
6.377595424652099609e+00
4.924507617950439453e+00
6.003768444061279297e+00
7.857810974121093750e+00
6.341400146484375000e+00
4.534526824951171875e+00
8.183013916015625000e+00
1.377465152740478516e+01
1.126530647277832031e+01
6.259670734405517578e+00
4.449049949645996094e+00
4.077333450317382812e+00
5.463041305541992188e+00
5.793616294860839844e+00
5.408464431762695312e+00
4.324878215789794922e+00
3.610104799270629883e+00
3.919287204742431641e+00
7.487501144409179688e+00
9.203508377075195312e+00
8.970183372497558594e+00
6.188364505767822266e+00
5.768372058868408203e+00
5.496792316436767578e+00
5.670119762420654297e+00
5.626971721649169922e+00
6.849493980407714844e+00
7.462224006652832031e+00
5.212522029876708984e+00
4.793623447418212891e+00
5.393659114837646484e+00
4.924439430236816406e+00
4.114806175231933594e+00
4.745846748352050781e+00
6.509075164794921875e+00
6.449228763580322266e+00
6.410163879394531250e+00
6.376911640167236328e+00
5.248415470123291016e+00
4.512977123260498047e+00
5.971739768981933594e+00
6.715604305267333984e+00
7.102671623229980469e+00
5.227470874786376953e+00
9.012141227722167969e+00
9.785536766052246094e+00
4.193663597106933594e+00
5.277412414550781250e+00
5.646944522857666016e+00
4.208062171936035156e+00
3.172287225723266602e+00
3.867634534835815430e+00
3.866793155670166016e+00
4.215637207031250000e+00
6.003019809722900391e+00
6.731579303741455078e+00
6.719103813171386719e+00
6.704726696014404297e+00
4.874021053314208984e+00
6.655761718750000000e+00
9.303593635559082031e+00
1.124508476257324219e+01
1.327071189880371094e+01
1.039497852325439453e+01
8.419328689575195312e+00
6.155609607696533203e+00
5.758353710174560547e+00
6.460132122039794922e+00
6.785668373107910156e+00
7.498167991638183594e+00
7.655355930328369141e+00
9.307992935180664062e+00
6.975421428680419922e+00
6.171079158782958984e+00
7.555686473846435547e+00
9.248106956481933594e+00
8.785534858703613281e+00
7.063788890838623047e+00
7.558717727661132812e+00
7.849734783172607422e+00
7.442941665649414062e+00
6.205811977386474609e+00
7.640694618225097656e+00
9.448821067810058594e+00
7.033721446990966797e+00
6.580471992492675781e+00
6.505144119262695312e+00
6.078948497772216797e+00
5.295087814331054688e+00
5.636892795562744141e+00
8.270518302917480469e+00
9.837889671325683594e+00
8.243973731994628906e+00
5.231292247772216797e+00
7.099652290344238281e+00
7.474775314331054688e+00
3.817121028900146484e+00
4.899913311004638672e+00
6.372437000274658203e+00
5.641658782958984375e+00
4.919170856475830078e+00
3.860172510147094727e+00
3.865548372268676758e+00
3.517795324325561523e+00
2.834990024566650391e+00
3.175493717193603516e+00
3.861714124679565430e+00
3.508694887161254883e+00
4.544224262237548828e+00
5.606149196624755859e+00
5.952261924743652344e+00
6.669612884521484375e+00
5.197108268737792969e+00
4.470617771148681641e+00
6.596258640289306641e+00
7.692375659942626953e+00
5.822819709777832031e+00
4.379455566406250000e+00
5.049543857574462891e+00
7.190303802490234375e+00
6.063907146453857422e+00
4.263993740081787109e+00
7.560865402221679688e+00
8.894189834594726562e+00
6.174245357513427734e+00
5.631619930267333984e+00
5.568262100219726562e+00
4.516582489013671875e+00
4.607682704925537109e+00
4.970061302185058594e+00
5.351990222930908203e+00
6.408869266510009766e+00
5.562701702117919922e+00
4.435559272766113281e+00
4.676350593566894531e+00
5.291937828063964844e+00
7.806865692138671875e+00
8.485140800476074219e+00
1.203755569458007812e+01
1.195071029663085938e+01
1.070632076263427734e+01
1.444694805145263672e+01
9.018017768859863281e+00
3.800814151763916016e+00
4.511550903320312500e+00
5.234116554260253906e+00
5.976640701293945312e+00
7.488502025604248047e+00
7.110892772674560547e+00
7.884731292724609375e+00
7.883722305297851562e+00
7.131928443908691406e+00
5.638198852539062500e+00
4.568430423736572266e+00
6.019443988800048828e+00
4.210369586944580078e+00
3.866639137268066406e+00
7.123055458068847656e+00
7.113037586212158203e+00
4.554507732391357422e+00
7.825097084045410156e+00
8.971142768859863281e+00
5.232078552246093750e+00
5.215345382690429688e+00
6.280181884765625000e+00
5.534573554992675781e+00
4.800135612487792969e+00
3.735176801681518555e+00
3.370221614837646484e+00
4.379455566406250000e+00
6.841772079467773438e+00
1.025315570831298828e+01
9.825576782226562500e+00
7.872748374938964844e+00
7.542825698852539062e+00
8.079304695129394531e+00
7.789013385772705078e+00
7.123268127441406250e+00
7.050176620483398438e+00
7.373407840728759766e+00
9.786739349365234375e+00
7.612140655517578125e+00
7.258930683135986328e+00
1.101150035858154297e+01
1.092454147338867188e+01
9.655522346496582031e+00
1.036750125885009766e+01
1.272251796722412109e+01
1.053702926635742188e+01
9.278837203979492188e+00
1.080877494812011719e+01
6.429584503173828125e+00
6.777857303619384766e+00
1.487932682037353516e+01
1.659413528442382812e+01
1.355044364929199219e+01
6.675840377807617188e+00
3.102242946624755859e+00
3.800702095031738281e+00
4.524287223815917969e+00
6.360461711883544922e+00
6.367708683013916016e+00
6.374510288238525391e+00
6.754820823669433594e+00
5.275824546813964844e+00
3.861577272415161133e+00
3.864309787750244141e+00
3.174081802368164062e+00
2.834990024566650391e+00
3.175493717193603516e+00
4.210938930511474609e+00
5.629978179931640625e+00
5.257628440856933594e+00
4.888989448547363281e+00
3.821797132492065430e+00
6.642786502838134766e+00
9.692713737487792969e+00
6.259375095367431641e+00
3.757383584976196289e+00
2.062472105026245117e+00
5.791897773742675781e+00
8.387908935546875000e+00
5.408464431762695312e+00
5.375672817230224609e+00
5.704181194305419922e+00
6.027434825897216797e+00
7.524455547332763672e+00
6.068885803222656250e+00
6.549344539642333984e+00
5.129917621612548828e+00
6.356639385223388672e+00
8.018504142761230469e+00
6.197641372680664062e+00
6.466910362243652344e+00
1.110653209686279297e+01
1.385681629180908203e+01
1.130132293701171875e+01
8.087983131408691406e+00
9.579626083374023438e+00
8.638564109802246094e+00
5.555013179779052734e+00
9.276219367980957031e+00
9.583904266357421875e+00
9.147479057312011719e+00
1.111489391326904297e+01
1.232816791534423828e+01
1.885664558410644531e+01
1.607982635498046875e+01
5.952301502227783203e+00
3.449834108352661133e+00
6.722499847412109375e+00
8.254621505737304688e+00
7.113138198852539062e+00
8.660260200500488281e+00
8.658354759216308594e+00
6.006172657012939453e+00
4.921077251434326172e+00
5.651273727416992188e+00
6.388696670532226562e+00
7.135107517242431641e+00
7.888813972473144531e+00
6.006262302398681641e+00
7.859128475189208984e+00
1.019198799133300781e+01
8.998598098754882812e+00
1.095391273498535156e+01
7.794674396514892578e+00
5.568431377410888672e+00
4.835986614227294922e+00
2.759217977523803711e+00
3.757311820983886719e+00
5.484415054321289062e+00
9.177827835083007812e+00
1.274357891082763672e+01
1.270967864990234375e+01
1.025618553161621094e+01
5.700762271881103516e+00
3.241466045379638672e+00
7.523746490478515625e+00
1.139130687713623047e+01
1.132222175598144531e+01
7.011749744415283203e+00
4.235131263732910156e+00
3.927609205245971680e+00
3.516993045806884766e+00
4.005163669586181641e+00
6.094725608825683594e+00
9.870804786682128906e+00
8.881811141967773438e+00
6.238530635833740234e+00
7.627354621887207031e+00
5.627939701080322266e+00
4.476142406463623047e+00
8.104572296142578125e+00
1.204650115966796875e+01
1.409708786010742188e+01
1.027996349334716797e+01
7.902513504028320312e+00
1.106632518768310547e+01
1.313120937347412109e+01
2.393270301818847656e+01
2.375923728942871094e+01
7.826720714569091797e+00
4.883677959442138672e+00
6.734325408935546875e+00
5.625399112701416016e+00
4.907670021057128906e+00
7.890390396118164062e+00
9.449269294738769531e+00
6.383281230926513672e+00
4.214684009552001953e+00
4.572360515594482422e+00
6.015921592712402344e+00
6.379021167755126953e+00
6.742069244384765625e+00
5.627848625183105469e+00
4.900994777679443359e+00
6.334865570068359375e+00
6.319423198699951172e+00
5.215764522552490234e+00
6.643517494201660156e+00
5.892408370971679688e+00
6.586602210998535156e+00
6.571447849273681641e+00
4.750016212463378906e+00
5.795032978057861328e+00
6.851577281951904297e+00
8.320122718811035156e+00
1.139027118682861328e+01
1.217680072784423828e+01
7.851670742034912109e+00
1.217308330535888672e+01
9.229759216308593750e+00
8.227879524230957031e+00
8.477335929870605469e+00
1.222359848022460938e+01
1.343705272674560547e+01
8.008777618408203125e+00
8.788436889648437500e+00
1.433890438079833984e+01
1.249980258941650391e+01
6.554845333099365234e+00
6.511580467224121094e+00
9.063471794128417969e+00
6.648768901824951172e+00
4.744274616241455078e+00
1.039190006256103516e+01
1.538937377929687500e+01
1.319414901733398438e+01
1.316897392272949219e+01
1.146021080017089844e+01
6.716530323028564453e+00
6.344835281372070312e+00
8.642873764038085938e+00
7.860990047454833984e+00
7.489175319671630859e+00
8.263187408447265625e+00
6.362287998199462891e+00
4.907670021057128906e+00
8.660880088806152344e+00
1.064495468139648438e+01
9.061069488525390625e+00
7.892634868621826172e+00
7.135107517242431641e+00
7.888813972473144531e+00
5.639317512512207031e+00
6.364016532897949219e+00
9.014257431030273438e+00
9.780233383178710938e+00
9.368976593017578125e+00
8.191333770751953125e+00
7.791313171386718750e+00
5.195613861083984375e+00
3.776814937591552734e+00
5.508738994598388672e+00
6.577106475830078125e+00
7.657186508178710938e+00
8.770646095275878906e+00
7.601226806640625000e+00
6.459415912628173828e+00
8.273094177246093750e+00
8.629918098449707031e+00
7.617401599884033203e+00
8.142409324645996094e+00
8.516930580139160156e+00
9.652576446533203125e+00
6.635101318359375000e+00
6.111231327056884766e+00
1.103742122650146484e+01
1.199458217620849609e+01
1.060230636596679688e+01
1.308860206604003906e+01
1.126055049896240234e+01
1.212842273712158203e+01
1.150669956207275391e+01
6.385555744171142578e+00
6.292139053344726562e+00
8.104784011840820312e+00
1.163225078582763672e+01
1.324252033233642578e+01
1.111107730865478516e+01
9.470899581909179688e+00
8.265429496765136719e+00
6.723107814788818359e+00
6.343560695648193359e+00
6.720175266265869141e+00
1.023147296905517578e+01
1.311840629577636719e+01
1.145429611206054688e+01
8.653361320495605469e+00
5.999760627746582031e+00
6.010473728179931641e+00
6.757587909698486328e+00
9.057850837707519531e+00
9.840801239013671875e+00
6.383790969848632812e+00
4.216377735137939453e+00
4.568240642547607422e+00
6.741262912750244141e+00
7.859949111938476562e+00
7.091476917266845703e+00
7.075901031494140625e+00
5.951647281646728516e+00
4.506814956665039062e+00
5.554549694061279297e+00
4.821928024291992188e+00
6.223446846008300781e+00
8.450440406799316406e+00
7.289033889770507812e+00
5.436595916748046875e+00
3.664805650711059570e+00
3.298959732055664062e+00
6.768695354461669922e+00
8.629918098449707031e+00
7.636318683624267578e+00
8.344843864440917969e+00
7.694902420043945312e+00
5.790009021759033203e+00
6.258576869964599609e+00
7.294302463531494141e+00
7.425983428955078125e+00
7.063788890838623047e+00
7.173088073730468750e+00
6.720043182373046875e+00
5.964132308959960938e+00
6.228693485260009766e+00
5.021669387817382812e+00
5.295274734497070312e+00
1.056539440155029297e+01
1.552987957000732422e+01
1.077010631561279297e+01
5.339920520782470703e+00
7.164457321166992188e+00
7.124612808227539062e+00
9.046240806579589844e+00
1.312861633300781250e+01
9.015723228454589844e+00
5.972005367279052734e+00
4.508146286010742188e+00
3.462863206863403320e+00
6.360718250274658203e+00
1.146220302581787109e+01
9.020466804504394531e+00
4.915969371795654297e+00
5.646944522857666016e+00
7.515148162841796875e+00
8.278422355651855469e+00
5.283588886260986328e+00
6.011593818664550781e+00
7.880504131317138672e+00
7.871509075164794922e+00
6.728166580200195312e+00
5.618961811065673828e+00
5.969549655914306641e+00
5.232078552246093750e+00
5.934506416320800781e+00
5.195613861083984375e+00
3.434884786605834961e+00
5.505207061767578125e+00
6.577307701110839844e+00
5.463041305541992188e+00
7.621976375579833984e+00
1.108196163177490234e+01
8.699070930480957031e+00
4.643594264984130859e+00
5.662917137145996094e+00
7.524567604064941406e+00
5.878887176513671875e+00
7.349945545196533203e+00
6.059715270996093750e+00
5.867187976837158203e+00
7.773844242095947266e+00
6.913019180297851562e+00
5.670175552368164062e+00
7.202765941619873047e+00
8.633511543273925781e+00
1.098456954956054688e+01
1.164774227142333984e+01
9.158845901489257812e+00
7.511056900024414062e+00
7.805623531341552734e+00
1.007577323913574219e+01
1.246316337585449219e+01
1.942079925537109375e+01
1.977572059631347656e+01
1.575374698638916016e+01
1.484398460388183594e+01
1.527813339233398438e+01
9.759501457214355469e+00
7.088926315307617188e+00
9.421533584594726562e+00
7.872965335845947266e+00
7.490076541900634766e+00
8.659154891967773438e+00
7.873856544494628906e+00
3.844391584396362305e+00
6.009540557861328125e+00
1.609498405456542969e+01
2.338213157653808594e+01
1.385869693756103516e+01
7.129754543304443359e+00
9.039045333862304688e+00
7.488277435302734375e+00
7.477623939514160156e+00
7.844034671783447266e+00
7.075901031494140625e+00
8.958997726440429688e+00
9.327840805053710938e+00
7.392672061920166016e+00
4.469340324401855469e+00
6.217671394348144531e+00
1.659171867370605469e+01
1.312616252899169922e+01
4.726609230041503906e+00
5.407534122467041016e+00
7.186256885528564453e+00
8.286065101623535156e+00
7.126321315765380859e+00
7.655355930328369141e+00
1.125440979003906250e+01
1.121707725524902344e+01
1.068138694763183594e+01
9.842735290527343750e+00
9.167411804199218750e+00
8.442033767700195312e+00
9.443919181823730469e+00
1.098362159729003906e+01
1.308860206604003906e+01
1.126055049896240234e+01
7.723631858825683594e+00
6.481413364410400391e+00
7.909223556518554688e+00
1.056125259399414062e+01
1.007145500183105469e+01
7.637206077575683594e+00
4.612141609191894531e+00
9.479613304138183594e+00
1.530959415435791016e+01
1.885664558410644531e+01
1.652655220031738281e+01
1.186993980407714844e+01
1.658047103881835938e+01
9.730586051940917969e+00
5.603739261627197266e+00
7.481092453002929688e+00
5.997397899627685547e+00
6.372437000274658203e+00
6.381281375885009766e+00
6.757587909698486328e+00
4.561199188232421875e+00
6.012861728668212891e+00
7.127512931823730469e+00
4.927787303924560547e+00
4.924406051635742188e+00
4.562937259674072266e+00
4.204256057739257812e+00
7.082694053649902344e+00
8.208024024963378906e+00
4.167747020721435547e+00
6.278900146484375000e+00
9.302822113037109375e+00
8.886647224426269531e+00
7.717778682708740234e+00
1.275405979156494141e+01
1.029070758819580078e+01
3.680861473083496094e+00
4.352199077606201172e+00
6.433006286621093750e+00
9.436797142028808594e+00
9.777873992919921875e+00
7.831243515014648438e+00
8.783514976501464844e+00
8.261378288269042969e+00
1.272198867797851562e+01
1.135186862945556641e+01
1.178954696655273438e+01
1.047078227996826172e+01
9.486083984375000000e+00
9.715097427368164062e+00
7.872528076171875000e+00
9.382313728332519531e+00
1.127000808715820312e+01
1.075213146209716797e+01
1.314861392974853516e+01
1.301184272766113281e+01
1.295579051971435547e+01
1.118282127380371094e+01
7.208186626434326172e+00
9.503115653991699219e+00
1.274741363525390625e+01
7.832351207733154297e+00
8.618478775024414062e+00
2.206363487243652344e+01
2.292848587036132812e+01
2.065199089050292969e+01
1.517690181732177734e+01
6.731542587280273438e+00
5.996821880340576172e+00
4.541221141815185547e+00
6.745691299438476562e+00
9.847514152526855469e+00
7.512780666351318359e+00
5.650890350341796875e+00
6.018506050109863281e+00
6.755620479583740234e+00
5.644602298736572266e+00
5.277503967285156250e+00
3.851126194000244141e+00
5.606482505798339844e+00
1.381953334808349609e+01
1.211959743499755859e+01
5.574531078338623047e+00
6.277829170227050781e+00
5.532764911651611328e+00
3.757311820983886719e+00
4.777128219604492188e+00
8.027185440063476562e+00
1.192596244812011719e+01
9.897100448608398438e+00
6.096502780914306641e+00
4.296133518218994141e+00
5.658014297485351562e+00
7.752213954925537109e+00
1.191237735748291016e+01
1.165623760223388672e+01
8.404642105102539062e+00
8.786025047302246094e+00
1.068625736236572266e+01
1.037565994262695312e+01
8.503711700439453125e+00
9.906381607055664062e+00
1.745163536071777344e+01
1.627253532409667969e+01
1.421905803680419922e+01
1.404125690460205078e+01
1.314710712432861328e+01
1.561381053924560547e+01
1.865534591674804688e+01
2.322894096374511719e+01
1.398085308074951172e+01
6.037109851837158203e+00
7.517072677612304688e+00
9.850649833679199219e+00
1.104874992370605469e+01
1.063827514648437500e+01
1.104257297515869141e+01
7.078721046447753906e+00
5.980903148651123047e+00
8.263187408447265625e+00
5.617855548858642578e+00
7.497901439666748047e+00
8.652437210083007812e+00
4.919170856475830078e+00
5.650883197784423828e+00
8.281408309936523438e+00
7.127512931823730469e+00
6.015537738800048828e+00
5.278814315795898438e+00
5.635426521301269531e+00
8.241755485534667969e+00
7.845531463623046875e+00
7.828831195831298828e+00
7.433556556701660156e+00
6.668960094451904297e+00
7.392026424407958984e+00
9.272418022155761719e+00
1.082446289062500000e+01
7.311984539031982422e+00
3.714248895645141602e+00
4.723920345306396484e+00
7.967727661132812500e+00
9.086725234985351562e+00
9.430150032043457031e+00
1.057058429718017578e+01
7.655365467071533203e+00
1.017849349975585938e+01
9.066853523254394531e+00
1.004686832427978516e+01
1.091971683502197266e+01
1.119692516326904297e+01
1.195035839080810547e+01
1.045132255554199219e+01
1.063397884368896484e+01
1.137980842590332031e+01
1.012477588653564453e+01
1.337724399566650391e+01
1.758252716064453125e+01
8.956946372985839844e+00
1.725440263748168945e+00
1.638447880744934082e+00
1.566585659980773926e+00
1.509900093078613281e+00
1.467435240745544434e+00
1.437619924545288086e+00
1.418618917465209961e+00
1.408498048782348633e+00
4.151659011840820312e+00
1.268619251251220703e+01
1.523512458801269531e+01
1.613314247131347656e+01
1.743614578247070312e+01
1.657538032531738281e+01
1.700073623657226562e+01
1.311513328552246094e+01
1.481976985931396484e+01
1.698534965515136719e+01
1.437758445739746094e+01
1.394605445861816406e+01
7.462943553924560547e+00
1.504415154457092285e+00
1.504123926162719727e+00
1.501830697059631348e+00
1.497587203979492188e+00
1.491363048553466797e+00
1.483208656311035156e+00
1.473191380500793457e+00
1.461331963539123535e+00
1.770978212356567383e+00
2.741426467895507812e+00
4.079565525054931641e+00
8.776300430297851562e+00
1.233843803405761719e+01
8.736041069030761719e+00
6.095330715179443359e+00
6.063164234161376953e+00
7.490051269531250000e+00
7.598750114440917969e+00
1.231983566284179688e+01
1.610984802246093750e+01
1.148139286041259766e+01
7.654512882232666016e+00
5.802999496459960938e+00
7.993321895599365234e+00
8.456619262695312500e+00
9.531122207641601562e+00
1.052737903594970703e+01
1.098456954956054688e+01
1.041140842437744141e+01
9.179127693176269531e+00
9.849138259887695312e+00
1.220812225341796875e+01
1.126079368591308594e+01
1.000231170654296875e+01
1.115459442138671875e+01
7.539266586303710938e+00
4.902665615081787109e+00
5.987038135528564453e+00
1.064389133453369141e+01
1.062273883819580078e+01
8.642873764038085938e+00
6.710159778594970703e+00
3.459005117416381836e+00
3.471946716308593750e+00
4.183675765991210938e+00
4.192497253417968750e+00
6.009778022766113281e+00
1.024968242645263672e+01
1.064370346069335938e+01
8.280536651611328125e+00
7.512383937835693359e+00
7.888869762420654297e+00
6.002562046051025391e+00
4.917688369750976562e+00
8.238464355468750000e+00
8.224250793457031250e+00
7.450033187866210938e+00
9.739820480346679688e+00
1.011321163177490234e+01
7.768490314483642578e+00
7.366328239440917969e+00
8.478182792663574219e+00
8.069656372070312500e+00
7.289033889770507812e+00
6.521084785461425781e+00
4.352199077606201172e+00
5.012176513671875000e+00
6.793097496032714844e+00
7.121030330657958984e+00
7.674566745758056641e+00
7.231640815734863281e+00
6.153725147247314453e+00
6.044719696044921875e+00
5.668714046478271484e+00
4.814725875854492188e+00
5.350559234619140625e+00
8.723121643066406250e+00
1.056946277618408203e+01
6.265203475952148438e+00
4.921115398406982422e+00
6.592436790466308594e+00
5.021669387817382812e+00
6.028014659881591797e+00
7.799846649169921875e+00
5.827947616577148438e+00
3.605543136596679688e+00
3.905155658721923828e+00
6.785938739776611328e+00
9.472105026245117188e+00
8.654308319091796875e+00
1.269642639160156250e+01
1.307877349853515625e+01
9.432276725769042969e+00
1.145416450500488281e+01
9.425466537475585938e+00
5.984826087951660156e+00
5.997397899627685547e+00
9.056129455566406250e+00
8.267016410827636719e+00
7.135176658630371094e+00
7.512780666351318359e+00
6.761652946472167969e+00
7.894143104553222656e+00
7.506123542785644531e+00
6.010453701019287109e+00
6.003768444061279297e+00
5.267697334289550781e+00
8.973813056945800781e+00
1.054541587829589844e+01
9.343296051025390625e+00
1.090977001190185547e+01
1.457565498352050781e+01
1.080609416961669922e+01
5.862977981567382812e+00
1.078285408020019531e+01
1.036055564880371094e+01
9.534957885742187500e+00
9.900113105773925781e+00
1.469831466674804688e+01
1.553984451293945312e+01
9.012291908264160156e+00
8.038553237915039062e+00
1.510068702697753906e+01
1.299168300628662109e+01
1.190142440795898438e+01
8.995604515075683594e+00
4.957236289978027344e+00
4.352990150451660156e+00
1.038220596313476562e+01
1.206889724731445312e+01
9.007148742675781250e+00
8.971182823181152344e+00
8.087983131408691406e+00
7.627354621887207031e+00
8.283982276916503906e+00
7.033721446990966797e+00
7.719429969787597656e+00
7.252440452575683594e+00
1.195823097229003906e+01
2.600765419006347656e+01
2.008255195617675781e+01
8.657720565795898438e+00
3.612701797485351562e+01
4.500616073608398438e+01
1.430224895477294922e+01
8.644523620605468750e+00
9.032691955566406250e+00
7.113138198852539062e+00
5.254572391510009766e+00
3.141928434371948242e+00
3.152858257293701172e+00
3.855860710144042969e+00
4.212765216827392578e+00
7.887831211090087891e+00
7.491734981536865234e+00
3.175333976745605469e+00
2.834662199020385742e+00
3.172467708587646484e+00
4.555516242980957031e+00
8.601956367492675781e+00
1.136023712158203125e+01
7.425227642059326172e+00
4.506814956665039062e+00
7.382878780364990234e+00
1.006019020080566406e+01
6.596548080444335938e+00
8.036622047424316406e+00
1.115906715393066406e+01
6.153398513793945312e+00
4.696431636810302734e+00
5.024604320526123047e+00
2.604672670364379883e+00
2.574027776718139648e+00
7.523746490478515625e+00
1.021696376800537109e+01
7.974609851837158203e+00
6.171079158782958984e+00
1.133042144775390625e+01
1.504909229278564453e+01
1.530070018768310547e+01
1.232340908050537109e+01
9.410991668701171875e+00
9.809030532836914062e+00
8.151259422302246094e+00
8.128110885620117188e+00
9.158845901489257812e+00
9.862771987915039062e+00
1.518679237365722656e+01
1.683341979980468750e+01
1.037855339050292969e+01
8.754271507263183594e+00
1.194364929199218750e+01
1.232496643066406250e+01
1.485824584960937500e+01
2.302535438537597656e+01
1.916986656188964844e+01
1.104257297515869141e+01
1.312131595611572266e+01
7.810156822204589844e+00
4.173751831054687500e+00
5.992476463317871094e+00
5.636092662811279297e+00
5.273400306701660156e+00
3.156596422195434570e+00
4.212225437164306641e+00
7.896553993225097656e+00
7.507467269897460938e+00
6.384515762329101562e+00
7.501508235931396484e+00
7.871838092803955078e+00
5.990761756896972656e+00
3.501283407211303711e+00
2.812801599502563477e+00
3.823861122131347656e+00
6.664485931396484375e+00
7.769243240356445312e+00
6.996304035186767578e+00
5.154486656188964844e+00
6.197693824768066406e+00
5.817235469818115234e+00
5.777634620666503906e+00
9.507100105285644531e+00
1.306186771392822266e+01
1.059764862060546875e+01
4.612766742706298828e+00
7.433358192443847656e+00
6.590496063232421875e+00
9.090686798095703125e+00
1.335464286804199219e+01
1.224038600921630859e+01
1.119692516326904297e+01
8.187777519226074219e+00
6.848767280578613281e+00
7.464468955993652344e+00
7.914841175079345703e+00
7.010447978973388672e+00
8.919093132019042969e+00
1.073229598999023438e+01
6.749323368072509766e+00
5.555013179779052734e+00
5.466576576232910156e+00
4.311724185943603516e+00
6.077758789062500000e+00
7.543077945709228516e+00
8.290124893188476562e+00
5.587594032287597656e+00
2.077969551086425781e+00
5.233992576599121094e+00
1.227549839019775391e+01
1.352022075653076172e+01
1.023587226867675781e+01
9.438752174377441406e+00
8.659079551696777344e+00
5.620318889617919922e+00
4.201675415039062500e+00
4.559422492980957031e+00
4.926015377044677734e+00
9.840429306030273438e+00
9.826107978820800781e+00
5.648799419403076172e+00
3.863213300704956055e+00
3.861367702484130859e+00
4.911146163940429688e+00
6.347411632537841797e+00
8.593443870544433594e+00
7.431890964508056641e+00
7.036870002746582031e+00
7.392672061920166016e+00
5.177264213562011719e+00
4.800135612487792969e+00
5.488647937774658203e+00
7.281284332275390625e+00
8.009662628173828125e+00
5.052958488464355469e+00
3.298959732055664062e+00
3.608938217163085938e+00
5.662917137145996094e+00
7.655404090881347656e+00
9.482487678527832031e+00
8.041574478149414062e+00
5.917676925659179688e+00
6.951853752136230469e+00
6.816795349121093750e+00
5.235988616943359375e+00
5.712345123291015625e+00
6.790410041809082031e+00
5.618410587310791016e+00
3.825899600982666016e+00
5.162908554077148438e+00
5.745279788970947266e+00
6.396951198577880859e+00
9.365036964416503906e+00
1.007145500183105469e+01
8.024703025817871094e+00
5.705790042877197266e+00
6.037109851837158203e+00
6.376911640167236328e+00
5.616316318511962891e+00
8.256629943847656250e+00
1.023015499114990234e+01
1.023254489898681641e+01
8.240614891052246094e+00
3.804302215576171875e+00
4.175491809844970703e+00
5.995180130004882812e+00
3.479876279830932617e+00
6.734513282775878906e+00
1.525467586517333984e+01
1.100539875030517578e+01
8.659317016601562500e+00
1.185838794708251953e+01
1.267554092407226562e+01
1.391840267181396484e+01
1.868571090698242188e+01
1.684296989440917969e+01
6.708793163299560547e+00
3.492551326751708984e+00
6.309352874755859375e+00
8.939429283142089844e+00
1.047800254821777344e+01
1.669776535034179688e+01
1.579060363769531250e+01
1.079250717163085938e+01
8.419106483459472656e+00
6.155939579010009766e+00
6.126284599304199219e+00
6.095330715179443359e+00
8.273094177246093750e+00
8.629918098449707031e+00
7.713129997253417969e+00
1.354110431671142578e+01
1.054954719543457031e+01
7.402564525604248047e+00
8.683999061584472656e+00
1.076863574981689453e+01
1.288200759887695312e+01
1.114367866516113281e+01
8.246941566467285156e+00
8.655432701110839844e+00
8.955531120300292969e+00
7.328316211700439453e+00
5.386068344116210938e+00
1.188248729705810547e+01
1.601635551452636719e+01
7.299551010131835938e+00
6.504248619079589844e+00
9.143942832946777344e+00
9.902489662170410156e+00
1.274688625335693359e+01
1.064258575439453125e+01
6.720374107360839844e+00
5.601041316986083984e+00
5.601679801940917969e+00
7.483631610870361328e+00
9.039925575256347656e+00
1.831496810913085938e+01
2.481758689880371094e+01
1.654029655456542969e+01
8.645811080932617188e+00
4.205448150634765625e+00
3.861577272415161133e+00
5.652417659759521484e+00
1.349529361724853516e+01
1.561648178100585938e+01
1.022094440460205078e+01
1.181995201110839844e+01
1.058092498779296875e+01
5.255500793457031250e+00
7.807775020599365234e+00
1.381004333496093750e+01
8.523449897766113281e+00
3.451354980468750000e+00
3.777218818664550781e+00
3.077539920806884766e+00
5.476089477539062500e+00
9.962152481079101562e+00
1.356784534454345703e+01
1.650968170166015625e+01
1.432899570465087891e+01
7.905186176300048828e+00
6.023966789245605469e+00
7.617466926574707031e+00
9.447488784790039062e+00
8.712111473083496094e+00
7.402564525604248047e+00
6.649607658386230469e+00
6.269251823425292969e+00
7.484496593475341797e+00
7.800692558288574219e+00
9.502787590026855469e+00
9.333454132080078125e+00
1.224559879302978516e+01
1.032171535491943359e+01
4.325896739959716797e+00
4.569584846496582031e+00
8.190587997436523438e+00
1.910010528564453125e+01
2.128113937377929688e+01
1.716145896911621094e+01
1.147893524169921875e+01
7.135293483734130859e+00
7.879153251647949219e+00
5.971551895141601562e+00
7.862594127655029297e+00
9.026342391967773438e+00
9.831123352050781250e+00
9.020846366882324219e+00
5.989308357238769531e+00
7.120866775512695312e+00
7.123838901519775391e+00
6.380395412445068359e+00
9.845844268798828125e+00
1.145507335662841797e+01
7.129010200500488281e+00
5.652628898620605469e+00
5.648799419403076172e+00
6.747946739196777344e+00
1.100703620910644531e+01
1.262846183776855469e+01
9.384127616882324219e+00
8.208811759948730469e+00
8.961272239685058594e+00
7.791313171386718750e+00
6.649114608764648438e+00
8.117323875427246094e+00
8.478501319885253906e+00
4.075850486755371094e+00
1.397239804267883301e+00
1.377437829971313477e+00
1.356214046478271484e+00
1.333694219589233398e+00
1.309992313385009766e+00
1.285149455070495605e+00
7.522662162780761719e+00
1.227398395538330078e+01
8.320074081420898438e+00
4.346774101257324219e+00
3.314577341079711914e+00
3.636820077896118164e+00
4.240963459014892578e+00
6.888944625854492188e+00
8.610139846801757812e+00
8.655432701110839844e+00
7.010447978973388672e+00
5.509747028350830078e+00
6.496642112731933594e+00
9.468482017517089844e+00
1.178517341613769531e+01
9.265628814697265625e+00
9.603014945983886719e+00
7.951971054077148438e+00
5.299951553344726562e+00
4.899509906768798828e+00
6.731733798980712891e+00
9.435423851013183594e+00
8.642436027526855469e+00
6.333789825439453125e+00
5.240957736968994141e+00
5.242242336273193359e+00
6.734630584716796875e+00
8.266099929809570312e+00
6.747828483581542969e+00
4.909902572631835938e+00
5.646193027496337891e+00
6.757851600646972656e+00
5.288193225860595703e+00
9.041646003723144531e+00
1.351164817810058594e+01
9.413688659667968750e+00
7.867527961730957031e+00
6.347623825073242188e+00
4.897135257720947266e+00
5.604746818542480469e+00
4.522120952606201172e+00
5.934506416320800781e+00
5.554911136627197266e+00
4.821473598480224609e+00
4.801719665527343750e+00
4.427588939666748047e+00
3.714018344879150391e+00
3.348773717880249023e+00
4.351651668548583984e+00
5.022657871246337891e+00
3.951433181762695312e+00
3.577569007873535156e+00
7.579480648040771484e+00
8.721370697021484375e+00
5.540033817291259766e+00
5.755406379699707031e+00
6.252211570739746094e+00
5.574387550354003906e+00
4.125127315521240234e+00
5.832808494567871094e+00
5.188848018646240234e+00
2.917299747467041016e+00
4.908659934997558594e+00
5.489074707031250000e+00
5.036839008331298828e+00
4.564184665679931641e+00
5.558760166168212891e+00
6.575479984283447266e+00
5.395924091339111328e+00
6.828631877899169922e+00
9.105733871459960938e+00
6.743004798889160156e+00
4.886597156524658203e+00
7.485628604888916016e+00
1.228425693511962891e+01
3.126573753356933594e+01
2.234975814819335938e+01
4.881852626800537109e+00
6.354898929595947266e+00
3.826555728912353516e+00
3.143750667572021484e+00
3.848639965057373047e+00
4.563279151916503906e+00
4.925577640533447266e+00
4.570101737976074219e+00
3.171864032745361328e+00
2.497654438018798828e+00
4.214846611022949219e+00
3.508713722229003906e+00
3.506976842880249023e+00
5.982919216156005859e+00
4.532413005828857422e+00
3.480548381805419922e+00
6.660653114318847656e+00
7.016884326934814453e+00
3.776635169982910156e+00
4.099259376525878906e+00
4.428277015686035156e+00
4.056204795837402344e+00
5.791172027587890625e+00
7.226046085357666016e+00
5.735853672027587891e+00
2.937000751495361328e+00
3.574407577514648438e+00
7.469647407531738281e+00
8.046383857727050781e+00
8.041574478149414062e+00
5.917676925659179688e+00
5.380259037017822266e+00
3.699145793914794922e+00
3.328339576721191406e+00
3.922609806060791016e+00
4.681085586547851562e+00
6.408869266510009766e+00
5.195457458496093750e+00
3.044300079345703125e+00
2.942584276199340820e+00
6.029222488403320312e+00
7.028161525726318359e+00
6.207811355590820312e+00
7.646479606628417969e+00
7.204761505126953125e+00
6.785987377166748047e+00
7.134300708770751953e+00
7.497096538543701172e+00
1.064389133453369141e+01
9.810240745544433594e+00
4.865960121154785156e+00
6.346037864685058594e+00
7.096511363983154297e+00
3.115230798721313477e+00
3.134817361831665039e+00
9.047397613525390625e+00
1.023368740081787109e+01
4.551436901092529297e+00
3.167937278747558594e+00
